0.015625	2518485
0.046875	2442772
0.078125	2366565
0.109375	2296625
0.140625	2225066
0.171875	2155595
0.203125	2089859
0.234375	2023646
0.265625	1963712
0.296875	1902691
0.328125	1844641
0.359375	1788277
0.390625	1733011
0.421875	1677750
0.453125	1627602
0.484375	1578233
0.515625	1527338
0.546875	1482140
0.578125	1437317
0.609375	1392693
0.640625	1348861
0.671875	1307198
0.703125	1267096
0.734375	1230350
0.765625	1189177
0.796875	1154259
0.828125	1118688
0.859375	1084065
0.890625	1051217
0.921875	1018430
0.953125	987869
0.984375	957107
1.015625	927917
1.046875	897336
1.078125	872279
1.109375	843709
1.140625	818210
1.171875	792481
1.203125	769192
1.234375	745640
1.265625	722953
1.296875	699343
1.328125	679342
1.359375	658784
1.390625	636094
1.421875	617582
1.453125	598073
1.484375	579611
1.515625	563062
1.546875	545064
1.578125	527790
1.609375	511482
1.640625	495890
1.671875	480291
1.703125	466372
1.734375	451137
1.765625	437688
1.796875	424350
1.828125	411758
1.859375	398753
1.890625	386375
1.921875	374571
1.953125	362614
1.984375	352971
2.015625	341498
2.046875	329837
2.078125	320510
2.109375	310642
2.140625	301282
2.171875	292160
2.203125	283218
2.234375	274350
2.265625	265251
2.296875	256942
2.328125	249267
2.359375	242394
2.390625	234137
2.421875	227908
2.453125	220186
2.484375	213985
2.515625	207546
2.546875	200684
2.578125	193608
2.609375	188736
2.640625	182479
2.671875	176359
2.703125	170761
2.734375	166550
2.765625	161042
2.796875	156060
2.828125	151337
2.859375	146326
2.890625	141910
2.921875	138240
2.953125	133204
2.984375	129938
3.015625	125085
3.046875	121694
3.078125	118178
3.109375	114401
3.140625	110529
3.171875	107435
3.203125	103819
3.234375	100466
3.265625	97279
3.296875	94754
3.328125	91288
3.359375	88514
3.390625	86494
3.421875	83344
3.453125	80587
3.484375	78220
3.515625	76028
3.546875	73837
3.578125	71122
3.609375	69069
3.640625	67125
3.671875	65094
3.703125	63094
3.734375	61590
3.765625	59331
3.796875	57560
3.828125	55927
3.859375	54170
3.890625	52121
3.921875	50096
3.953125	49059
3.984375	47216
4.015625	46438
4.046875	45070
4.078125	43483
4.109375	42159
4.140625	40563
4.171875	39500
4.203125	37976
4.234375	36924
4.265625	36100
4.296875	34413
4.328125	33681
4.359375	33057
4.390625	31897
4.421875	30768
4.453125	29770
4.484375	29169
4.515625	27960
4.546875	27298
4.578125	26580
4.609375	25577
4.640625	24534
4.671875	23922
4.703125	23066
4.734375	22477
4.765625	21870
4.796875	21081
4.828125	20272
4.859375	19738
4.890625	19259
4.921875	18587
4.953125	18231
4.984375	17473
5.015625	16976
5.046875	16349
5.078125	15812
5.109375	15679
5.140625	15213
5.171875	14435
5.203125	14069
5.234375	13723
5.265625	13236
5.296875	12904
5.328125	12481
5.359375	11984
5.390625	11716
5.421875	11376
5.453125	10832
5.484375	10537
5.515625	10131
5.546875	10102
5.578125	9713
5.609375	9385
5.640625	9210
5.671875	8728
5.703125	8344
5.734375	8257
5.765625	8108
5.796875	7762
5.828125	7538
5.859375	7418
5.890625	6927
5.921875	6844
5.953125	6708
5.984375	6423
6.015625	6147
6.046875	6016
6.078125	5920
6.109375	5651
6.140625	5441
6.171875	5313
6.203125	5114
6.234375	5010
6.265625	4866
6.296875	4765
6.328125	4528
6.359375	4401
6.390625	4333
6.421875	4193
6.453125	4105
6.484375	3864
6.515625	3657
6.546875	3636
6.578125	3553
6.609375	3485
6.640625	3378
6.671875	3258
6.703125	3196
6.734375	2977
6.765625	2900
6.796875	2855
6.828125	2768
6.859375	2558
6.890625	2527
6.921875	2553
6.953125	2436
6.984375	2323
7.015625	2346
7.046875	2251
7.078125	2138
7.109375	2121
7.140625	2027
7.171875	2010
7.203125	1986
7.234375	1818
7.265625	1766
7.296875	1764
7.328125	1727
7.359375	1633
7.390625	1535
7.421875	1497
7.453125	1519
7.484375	1373
7.515625	1334
7.546875	1338
7.578125	1338
7.609375	1295
7.640625	1189
7.671875	1202
7.703125	1124
7.734375	1150
7.765625	1056
7.796875	1024
7.828125	1000
7.859375	995
7.890625	1010
7.921875	919
7.953125	868
7.984375	872
8.015625	850
8.046875	775
8.078125	820
8.109375	701
8.140625	767
8.171875	731
8.203125	688
8.234375	669
8.265625	642
8.296875	666
8.328125	595
8.359375	558
8.390625	587
8.421875	531
8.453125	531
8.484375	487
8.515625	547
8.546875	477
8.578125	480
8.609375	505
8.640625	446
8.671875	419
8.703125	442
8.734375	433
8.765625	393
8.796875	431
8.828125	371
8.859375	331
8.890625	335
8.921875	323
8.953125	340
8.984375	309
9.015625	335
9.046875	312
9.078125	288
9.109375	246
9.140625	290
9.171875	288
9.203125	251
9.234375	254
9.265625	259
9.296875	228
9.328125	197
9.359375	235
9.390625	204
9.421875	203
9.453125	220
9.484375	203
9.515625	179
9.546875	189
9.578125	169
9.609375	178
9.640625	170
9.671875	158
9.703125	169
9.734375	149
9.765625	145
9.796875	127
9.828125	133
9.859375	133
9.890625	136
9.921875	144
9.953125	117
9.984375	109
10.015625	105
10.046875	119
10.078125	89
10.109375	104
10.140625	112
10.171875	98
10.203125	97
10.234375	88
10.265625	80
10.296875	88
10.328125	100
10.359375	72
10.390625	86
10.421875	76
10.453125	72
10.484375	72
10.515625	68
10.546875	69
10.578125	74
10.609375	70
10.640625	72
10.671875	70
10.703125	54
10.734375	55
10.765625	71
10.796875	55
10.828125	41
10.859375	44
10.890625	47
10.921875	42
10.953125	55
10.984375	40
11.015625	45
11.046875	43
11.078125	37
11.109375	30
11.140625	30
11.171875	45
11.203125	39
11.234375	30
11.265625	36
11.296875	30
11.328125	33
11.359375	25
11.390625	28
11.421875	15
11.453125	22
11.484375	25
11.515625	23
11.546875	23
11.578125	24
11.609375	20
11.640625	22
11.671875	24
11.703125	27
11.734375	22
11.765625	21
11.796875	26
11.828125	15
11.859375	31
11.890625	16
11.921875	17
11.953125	12
11.984375	14
12.015625	12
12.046875	12
12.078125	15
12.109375	14
12.140625	15
12.171875	16
12.203125	8
12.234375	8
12.265625	13
12.296875	7
12.328125	12
12.359375	7
12.390625	9
12.421875	5
12.453125	14
12.484375	14
12.515625	11
12.546875	7
12.578125	6
12.609375	10
12.640625	10
12.671875	13
12.703125	8
12.734375	12
12.765625	9
12.796875	15
12.828125	5
12.859375	8
12.890625	2
12.921875	13
12.953125	1
12.984375	6
13.015625	6
13.046875	3
13.078125	5
13.109375	2
13.140625	4
13.171875	5
13.203125	4
13.234375	1
13.265625	3
13.296875	6
13.328125	2
13.359375	4
13.390625	2
13.421875	6
13.453125	4
13.484375	4
13.515625	3
13.546875	2
13.578125	2
13.609375	5
13.640625	3
13.671875	4
13.703125	2
13.734375	3
13.765625	2
13.796875	4
13.828125	2
13.859375	3
13.890625	2
13.921875	4
13.953125	1
13.984375	3
14.015625	2
14.046875	0
14.078125	1
14.109375	3
14.140625	0
14.171875	0
14.203125	2
14.234375	3
14.265625	1
14.296875	0
14.328125	2
14.359375	0
14.390625	3
14.421875	0
14.453125	2
14.484375	2
14.515625	0
14.546875	1
14.578125	3
14.609375	1
14.640625	0
14.671875	1
14.703125	2
14.734375	2
14.765625	0
14.796875	3
14.828125	0
14.859375	1
14.890625	1
14.921875	1
14.953125	1
14.984375	2
15.015625	1
15.046875	0
15.078125	1
15.109375	0
15.140625	1
15.171875	0
15.203125	1
15.234375	0
15.265625	0
15.296875	1
15.328125	0
15.359375	2
15.390625	1
15.421875	0
15.453125	0
15.484375	1
15.515625	0
15.546875	0
15.578125	2
15.609375	0
15.640625	0
15.671875	0
15.703125	0
15.734375	1
15.765625	0
15.796875	0
15.828125	0
15.859375	0
15.890625	0
15.921875	0
15.953125	0
15.984375	0
16.015625	0
16.046875	1
16.078125	1
16.109375	0
16.140625	0
16.171875	0
16.203125	0
16.234375	0
16.265625	0
16.296875	0
16.328125	0
16.359375	0
16.390625	0
16.421875	0
16.453125	0
16.484375	0
16.515625	0
16.546875	0
16.578125	0
16.609375	0
16.640625	0
16.671875	0
16.703125	0
16.734375	0
16.765625	0
16.796875	0
16.828125	0
16.859375	0
16.890625	0
16.921875	1
16.953125	0
16.984375	0
17.015625	0
17.046875	0
17.078125	0
17.109375	0
17.140625	0
17.171875	0
17.203125	0
17.234375	0
17.265625	0
17.296875	0
17.328125	0
17.359375	0
17.390625	0
17.421875	0
17.453125	0
17.484375	0
17.515625	0
17.546875	1
17.578125	0
17.609375	0
17.640625	0
17.671875	0
17.703125	0
17.734375	0
17.765625	0
17.796875	0
17.828125	0
17.859375	1
17.890625	0
17.921875	0
17.953125	0
17.984375	0
18.015625	0
18.046875	0
18.078125	0
18.109375	0
18.140625	0
18.171875	0
18.203125	0
18.234375	0
18.265625	0
18.296875	0
18.328125	0
18.359375	0
18.390625	0
18.421875	0
18.453125	0
18.484375	0
18.515625	0
18.546875	0
18.578125	0
18.609375	0
18.640625	0
18.671875	0
18.703125	0
18.734375	0
18.765625	0
18.796875	0
18.828125	0
18.859375	0
18.890625	0
18.921875	0
18.953125	0
18.984375	0
19.015625	0
19.046875	0
19.078125	0
19.109375	0
19.140625	0
19.171875	0
19.203125	0
19.234375	0
19.265625	0
19.296875	0
19.328125	0
19.359375	0
19.390625	0
19.421875	0
19.453125	0
19.484375	0
19.515625	0
19.546875	0
19.578125	0
19.609375	0
19.640625	0
19.671875	0
19.703125	0
19.734375	0
19.765625	0
19.796875	0
19.828125	0
19.859375	0
19.890625	0
19.921875	0
19.953125	0
19.984375	0
20.015625	0
20.046875	0
20.078125	0
20.109375	0
20.140625	0
20.171875	0
20.203125	0
20.234375	0
20.265625	0
20.296875	0
20.328125	0
20.359375	0
20.390625	0
20.421875	0
20.453125	0
20.484375	0
20.515625	0
20.546875	0
20.578125	0
20.609375	0
20.640625	0
20.671875	0
20.703125	0
20.734375	0
20.765625	0
20.796875	0
20.828125	0
20.859375	0
20.890625	0
20.921875	0
20.953125	0
20.984375	0
21.015625	0
21.046875	0
21.078125	0
21.109375	0
21.140625	0
21.171875	0
21.203125	0
21.234375	0
21.265625	0
21.296875	0
21.328125	0
21.359375	0
21.390625	0
21.421875	0
21.453125	0
21.484375	0
21.515625	0
21.546875	0
21.578125	0
21.609375	0
21.640625	0
21.671875	0
21.703125	0
21.734375	0
21.765625	0
21.796875	0
21.828125	0
21.859375	0
21.890625	0
21.921875	0
21.953125	0
21.984375	0
22.015625	0
22.046875	0
22.078125	0
22.109375	0
22.140625	0
22.171875	0
22.203125	0
22.234375	0
22.265625	0
22.296875	0
22.328125	0
22.359375	0
22.390625	0
22.421875	0
22.453125	0
22.484375	0
22.515625	0
22.546875	0
22.578125	0
22.609375	0
22.640625	0
22.671875	0
22.703125	0
22.734375	0
22.765625	0
22.796875	0
22.828125	0
22.859375	0
22.890625	0
22.921875	0
22.953125	0
22.984375	0
23.015625	0
23.046875	0
23.078125	0
23.109375	0
23.140625	0
23.171875	0
23.203125	0
23.234375	0
23.265625	0
23.296875	0
23.328125	0
23.359375	0
23.390625	0
23.421875	0
23.453125	0
23.484375	0
23.515625	0
23.546875	0
23.578125	0
23.609375	0
23.640625	0
23.671875	0
23.703125	0
23.734375	0
23.765625	0
23.796875	0
23.828125	0
23.859375	0
23.890625	0
23.921875	0
23.953125	0
23.984375	0
24.015625	0
24.046875	0
24.078125	0
24.109375	0
24.140625	0
24.171875	0
24.203125	0
24.234375	0
24.265625	0
24.296875	0
24.328125	0
24.359375	0
24.390625	0
24.421875	0
24.453125	0
24.484375	0
24.515625	0
24.546875	0
24.578125	0
24.609375	0
24.640625	0
24.671875	0
24.703125	0
24.734375	0
24.765625	0
24.796875	0
24.828125	0
24.859375	0
24.890625	0
24.921875	0
24.953125	0
24.984375	0
25.015625	0
25.046875	0
25.078125	0
25.109375	0
25.140625	0
25.171875	0
25.203125	0
25.234375	0
25.265625	0
25.296875	0
25.328125	0
25.359375	0
25.390625	0
25.421875	0
25.453125	0
25.484375	0
25.515625	0
25.546875	0
25.578125	0
25.609375	0
25.640625	0
25.671875	0
25.703125	0
25.734375	0
25.765625	0
25.796875	0
25.828125	0
25.859375	0
25.890625	0
25.921875	0
25.953125	0
25.984375	0
26.015625	0
26.046875	0
26.078125	0
26.109375	0
26.140625	0
26.171875	0
26.203125	0
26.234375	0
26.265625	0
26.296875	0
26.328125	0
26.359375	0
26.390625	0
26.421875	0
26.453125	0
26.484375	0
26.515625	0
26.546875	0
26.578125	0
26.609375	0
26.640625	0
26.671875	0
26.703125	0
26.734375	0
26.765625	0
26.796875	0
26.828125	0
26.859375	0
26.890625	0
26.921875	0
26.953125	0
26.984375	0
27.015625	0
27.046875	0
27.078125	0
27.109375	0
27.140625	0
27.171875	0
27.203125	0
27.234375	0
27.265625	0
27.296875	0
27.328125	0
27.359375	0
27.390625	0
27.421875	0
27.453125	0
27.484375	0
27.515625	0
27.546875	0
27.578125	0
27.609375	0
27.640625	0
27.671875	0
27.703125	0
27.734375	0
27.765625	0
27.796875	0
27.828125	0
27.859375	0
27.890625	0
27.921875	0
27.953125	0
27.984375	0
28.015625	0
28.046875	0
28.078125	0
28.109375	0
28.140625	0
28.171875	0
28.203125	0
28.234375	0
28.265625	0
28.296875	0
28.328125	0
28.359375	0
28.390625	0
28.421875	0
28.453125	0
28.484375	0
28.515625	0
28.546875	0
28.578125	0
28.609375	0
28.640625	0
28.671875	0
28.703125	0
28.734375	0
28.765625	0
28.796875	0
28.828125	0
28.859375	0
28.890625	0
28.921875	0
28.953125	0
28.984375	0
29.015625	0
29.046875	0
29.078125	0
29.109375	0
29.140625	0
29.171875	0
29.203125	0
29.234375	0
29.265625	0
29.296875	0
29.328125	0
29.359375	0
29.390625	0
29.421875	0
29.453125	0
29.484375	0
29.515625	0
29.546875	0
29.578125	0
29.609375	0
29.640625	0
29.671875	0
29.703125	0
29.734375	0
29.765625	0
29.796875	0
29.828125	0
29.859375	0
29.890625	0
29.921875	0
29.953125	0
29.984375	0
30.015625	0
30.046875	0
30.078125	0
30.109375	0
30.140625	0
30.171875	0
30.203125	0
30.234375	0
30.265625	0
30.296875	0
30.328125	0
30.359375	0
30.390625	0
30.421875	0
30.453125	0
30.484375	0
30.515625	0
30.546875	0
30.578125	0
30.609375	0
30.640625	0
30.671875	0
30.703125	0
30.734375	0
30.765625	0
30.796875	0
30.828125	0
30.859375	0
30.890625	0
30.921875	0
30.953125	0
30.984375	0
31.015625	0
31.046875	0
31.078125	0
31.109375	0
31.140625	0
31.171875	0
31.203125	0
31.234375	0
31.265625	0
31.296875	0
31.328125	0
31.359375	0
31.390625	0
31.421875	0
31.453125	0
31.484375	0
31.515625	0
31.546875	0
31.578125	0
31.609375	0
31.640625	0
31.671875	0
31.703125	0
31.734375	0
31.765625	0
31.796875	0
31.828125	0
31.859375	0
31.890625	0
31.921875	0
31.953125	0
31.984375	0
